Center(cm): 137.5965142406 131.6828292301 112.0972051935
Center_calib(cm): 0 0 0
Radius(cm): 64.5768735069
RMSE(cm)  : 0.0833968360
MAE(cm)  : 0.0620137518
