%YAML:1.0
---
calibration_time: "Tue May  2 18:34:50 2023"
image_width: 1280
image_height: 720
camera_matrix: !!opencv-matrix
   rows: 3
   cols: 3
   dt: d
   data: [ 6.0810827636718750e+02, 0., 6.3730480957031250e+02, 0.,
       6.0839593505859375e+02, 3.6722671508789062e+02, 0., 0., 1. ]
distortion_coefficients: !!opencv-matrix
   rows: 1
   cols: 8
   dt: d
   data: [ 7.0742636919021606e-01, -3.2247393131256104e+00,
       7.9429580364376307e-04, -8.5019221296533942e-04,
       1.8829962015151978e+00, 5.7151734828948975e-01,
       -3.0134017467498779e+00, 1.7901870012283325e+00 ]
