%YAML:1.0
---
calibration_time: "Wed Nov 29 15:33:51 2023"
image_width: 2560
image_height: 1440
camera_matrix: !!opencv-matrix
   rows: 3
   cols: 3
   dt: d
   data: [ 1.2162165527343750e+03, 0., 1.2751096191406250e+03, 0.,
       1.2167918701171875e+03, 7.3495343017578125e+02, 0., 0., 1. ]
distortion_coefficients: !!opencv-matrix
   rows: 1
   cols: 8
   dt: d
   data: [ 7.0742636919021606e-01, -3.2247393131256104e+00,
       7.9429580364376307e-04, -8.5019221296533942e-04,
       1.8829962015151978e+00, 5.7151734828948975e-01,
       -3.0134017467498779e+00, 1.7901870012283325e+00 ]
