%YAML:1.0
---
calibration_time: "Wed Nov 29 14:41:07 2023"
image_width: 3840
image_height: 2160
camera_matrix: !!opencv-matrix
   rows: 3
   cols: 3
   dt: d
   data: [ 1.8243247070312500e+03, 0., 1.9129145507812500e+03, 0.,
       1.8251878662109375e+03, 1.1026801757812500e+03, 0., 0., 1. ]
distortion_coefficients: !!opencv-matrix
   rows: 1
   cols: 8
   dt: d
   data: [ 7.0742636919021606e-01, -3.2247393131256104e+00,
       7.9429580364376307e-04, -8.5019221296533942e-04,
       1.8829962015151978e+00, 5.7151734828948975e-01,
       -3.0134017467498779e+00, 1.7901870012283325e+00 ]
