%YAML:1.0
---
calibration_time: "Tue May  2 18:34:51 2023"
image_width: 1280
image_height: 720
camera_matrix: !!opencv-matrix
   rows: 3
   cols: 3
   dt: d
   data: [ 6.0723968505859375e+02, 0., 6.4099487304687500e+02, 0.,
       6.0715234375000000e+02, 3.6329525756835938e+02, 0., 0., 1. ]
distortion_coefficients: !!opencv-matrix
   rows: 1
   cols: 8
   dt: d
   data: [ 4.0390467643737793e-01, -2.9502499103546143e+00,
       7.0176215376704931e-04, -6.0573476366698742e-04,
       1.8168619871139526e+00, 2.6966705918312073e-01,
       -2.7254557609558105e+00, 1.7134920358657837e+00 ]
