%YAML:1.0
---
calibration_time: "Tue May  2 18:36:41 2023"
image_width: 1280
image_height: 720
camera_matrix: !!opencv-matrix
   rows: 3
   cols: 3
   dt: d
   data: [ 6.0804296875000000e+02, 0., 6.3792712402343750e+02, 0.,
       6.0784851074218750e+02, 3.6802328491210938e+02, 0., 0., 1. ]
distortion_coefficients: !!opencv-matrix
   rows: 1
   cols: 8
   dt: d
   data: [ 1.1024947464466095e-01, -2.6851696968078613e+00,
       2.5830001686699688e-04, -4.9790245248004794e-04,
       1.7979182004928589e+00, -1.1277577839791775e-02,
       -2.4697723388671875e+00, 1.6937736272811890e+00 ]
