%YAML:1.0
---
calibration_time: "Tue May  2 18:37:36 2023"
image_width: 4096
image_height: 3072
camera_matrix: !!opencv-matrix
   rows: 3
   cols: 3
   dt: d
   data: [ 1.9553853759765625e+03, 0., 2.0365063476562500e+03, 0.,
       1.9558444824218750e+03, 1.5649140625000000e+03, 0., 0., 1. ]
distortion_coefficients: !!opencv-matrix
   rows: 1
   cols: 8
   dt: d
   data: [ 3.2961323857307434e-01, -2.4460790157318115e+00,
       1.3856246368959546e-05, -6.0557602409971878e-05,
       1.4164001941680908e+00, 2.0862449705600739e-01,
       -2.2618331909179688e+00, 1.3395730257034302e+00 ]
