%YAML:1.0
---
calibration_time: "Tue May  2 18:35:01 2023"
image_width: 4096
image_height: 3072
camera_matrix: !!opencv-matrix
   rows: 3
   cols: 3
   dt: d
   data: [ 1.9606065673828125e+03, 0., 2.0407989501953125e+03, 0.,
       1.9600358886718750e+03, 1.5530849609375000e+03, 0., 0., 1. ]
distortion_coefficients: !!opencv-matrix
   rows: 1
   cols: 8
   dt: d
   data: [ 9.9051713943481445e-02, -2.4634206295013428e+00,
       -5.5027307098498568e-05, -2.1895828831475228e-04,
       1.6171365976333618e+00, -2.0250447094440460e-02,
       -2.2620792388916016e+00, 1.5234847068786621e+00 ]
