%YAML:1.0
---
image_width: 1280
image_height: 720
camera_matrix: !!opencv-matrix
   rows: 3
   cols: 3
   dt: d
   data: [ 5.3408001708984375e+02, 0., 6.4428997802734375e+02, 0.,
       5.3402001953125000e+02, 3.5928799438476562e+02, 0., 0., 1. ]
distortion_coefficients: !!opencv-matrix
   rows: 1
   cols: 12
   dt: d
   data: [ -1.5797599554061890e+00, 3.3121299743652344e+00,
       9.7759599157143384e-05, 1.0768300126073882e-04,
       8.0580502748489380e-02, -1.4874500036239624e+00,
       3.1512100696563721e+00, 2.7438300848007202e-01, 0., 0., 0., 0. ]
