%YAML:1.0
---
image_width: 2208
image_height: 1242
camera_matrix: !!opencv-matrix
   rows: 3
   cols: 3
   dt: d
   data: [ 1.0681600341796875e+03, 0., 1.1095799560546875e+03, 0.,
       1.0680400390625000e+03, 6.1657598876953125e+02, 0., 0., 1. ]
distortion_coefficients: !!opencv-matrix
   rows: 1
   cols: 12
   dt: d
   data: [ -1.5797599554061890e+00, 3.3121299743652344e+00,
       9.7759599157143384e-05, 1.0768300126073882e-04,
       8.0580502748489380e-02, -1.4874500036239624e+00,
       3.1512100696563721e+00, 2.7438300848007202e-01, 0., 0., 0., 0. ]
