%YAML:1.0
---
image_width: 2208
image_height: 1242
camera_matrix: !!opencv-matrix
   rows: 3
   cols: 3
   dt: d
   data: [ 1.0679499511718750e+03, 0., 1.1043000488281250e+03, 0.,
       1.0682700195312500e+03, 6.1322100830078125e+02, 0., 0., 1. ]
distortion_coefficients: !!opencv-matrix
   rows: 1
   cols: 12
   dt: d
   data: [ -1.7410800457000732e+00, 3.5245699882507324e+00,
       -3.8696298724971712e-04, 2.8748300974257290e-04,
       1.8837699666619301e-02, -1.6525599956512451e+00,
       3.3654899597167969e+00, 2.1369299292564392e-01, 0., 0., 0., 0. ]
