%YAML:1.0
---
image_width: 1280
image_height: 720
camera_matrix: !!opencv-matrix
   rows: 3
   cols: 3
   dt: d
   data: [ 5.3447497558593750e+02, 0., 6.4580499267578125e+02, 0.,
       5.3439001464843750e+02, 3.6440451049804688e+02, 0., 0., 1. ]
distortion_coefficients: !!opencv-matrix
   rows: 1
   cols: 12
   dt: d
   data: [ -1.2817900180816650e+00, 2.9872300624847412e+00,
       -4.3150699639227241e-05, 3.7689700548071414e-05,
       1.6716700047254562e-02, -1.1875400543212891e+00,
       2.8417799472808838e+00, 1.9052100181579590e-01, 0., 0., 0., 0. ]
