%YAML:1.0
---
image_width: 2208
image_height: 1242
camera_matrix: !!opencv-matrix
   rows: 3
   cols: 3
   dt: d
   data: [ 1.0689499511718750e+03, 0., 1.1186099853515625e+03, 0.,
       1.0687800292968750e+03, 6.3280902099609375e+02, 0., 0., 1. ]
distortion_coefficients: !!opencv-matrix
   rows: 1
   cols: 12
   dt: d
   data: [ -1.2817900180816650e+00, 2.9872300624847412e+00,
       -4.3150699639227241e-05, 3.7689700548071414e-05,
       1.6716700047254562e-02, -1.1875400543212891e+00,
       2.8417799472808838e+00, 1.9052100181579590e-01, 0., 0., 0., 0. ]
