%YAML:1.0
---
image_width: 2208
image_height: 1242
camera_matrix: !!opencv-matrix
   rows: 3
   cols: 3
   dt: d
   data: [ 1.0674300537109375e+03, 0., 1.1369499511718750e+03, 0.,
       1.0676500244140625e+03, 6.2001501464843750e+02, 0., 0., 1. ]
distortion_coefficients: !!opencv-matrix
   rows: 1
   cols: 12
   dt: d
   data: [ -1.2499099969863892e+00, 2.2256200313568115e+00,
       -4.4946800335310400e-04, 4.5062701246934012e-05,
       1.1262100189924240e-01, -1.1584399938583374e+00,
       2.0776300430297852e+00, 2.6189899444580078e-01, 0., 0., 0., 0. ]
