%YAML:1.0
---
calibration_time: "Fri 07 Apr 2023 12:05:24 PM KST"
image_width: 3840
image_height: 2160
flags: 0
camera_matrix: !!opencv-matrix
   rows: 3
   cols: 3
   dt: d
   data: [ 2.0444840427510526e+03, 0., 1.8984202078347687e+03, 0.,
       2.0408440938284089e+03, 1.1006241276833134e+03, 0., 0., 1. ]
distortion_coefficients: !!opencv-matrix
   rows: 1
   cols: 5
   dt: d
   data: [ 1.0797833784195873e-01, -3.5024484290431079e-01,
       -1.7056735028358567e-03, 1.6771509584985384e-03,
       4.2917591542482270e-01 ]
avg_reprojection_error: 2.1103770950323894e-01
